# All segments. 5-pass carbon program (CALIBRATION/files/run-lists/all_C3_runlist.dat: carbon, optics, empty, 81 runs)
22562
22563
22564
22565
22566
22567
22568
22569
22570
22572
22573
22574
22586
22587
22609
22610
22611
22612
22613
22614
22615
22721
22812
22841
22842
22843
22844
23015
23016
23037
23105
23106
23107
23108
23109
23227
23403
23404
23405
23406
23407
23408
23409
23410
23411
23412
23413
23414
23415
23416
23447
23448
23449
23462
23463
23464
23465
23466
23467
23468
23469
23470
23726
23727
23728
23729
23730
23731
23732
23733
23734
23736
23738
23740
23742
23743
23744
23745
23746
23747
23750
# 3-pass carbon, optics and dummy
22013
22037
22038
22039
22040
22041
22042
22043
22044
22045
22046
22047
22048
22053
22062
22064
22065
22066
22067
22068
22069
22070
22071
22072
22073
22074
22075
22079
22080
22081
22083
22084
22105
22112
22113
22114
22117
22118
22119
22120
22124
22126
22127
22129
22133
22134
22135
22136
22137
22152
22153
# LD2 next to carbon runs, for an LD2/carbon comparison
22811
23110
23111
