# 100-1 (top PMT signal fault) in runs >= 22698 that are not classified good in ../lad_hodo_calib/files/pmt_100_1_top_state.csv
100 1 run
100 1 22698
100 1 22699
100 1 22700
100 1 22701
100 1 22702
100 1 22703
100 1 22704
100 1 22707
100 1 22708
100 1 22709
100 1 22710
100 1 22711
100 1 22720
100 1 22721
100 1 22722
100 1 22723
100 1 22724
100 1 22725
100 1 22726
100 1 22727
100 1 22728
100 1 22730
100 1 22732
100 1 22733
100 1 22735
100 1 22737
100 1 22738
100 1 22739
100 1 22740
100 1 22741
100 1 22743
100 1 22744
100 1 22745
100 1 22746
100 1 22747
100 1 22748
100 1 22750
100 1 22751
100 1 22752
100 1 22753
100 1 22754
100 1 22755
100 1 22756
100 1 22757
100 1 22758
100 1 22759
100 1 22760
100 1 22761
100 1 22762
100 1 22763
100 1 22764
100 1 22765
100 1 22766
100 1 22767
100 1 22768
100 1 22769
100 1 22770
100 1 22771
100 1 22772
100 1 22773
100 1 22774
100 1 22775
100 1 22776
100 1 22777
100 1 22778
100 1 22779
100 1 22781
100 1 22782
100 1 22783
100 1 22784
100 1 22785
100 1 22786
100 1 22787
100 1 22788
100 1 22789
100 1 22790
100 1 22791
100 1 22792
100 1 22793
100 1 22794
100 1 22795
100 1 22796
100 1 22797
100 1 22798
100 1 22799
100 1 22800
100 1 22811
100 1 22824
100 1 22825
100 1 22826
100 1 22827
100 1 22828
100 1 22829
100 1 22830
100 1 22831
100 1 22832
100 1 22833
100 1 22834
100 1 22835
100 1 22836
100 1 22838
100 1 22839
100 1 22840
100 1 22845
100 1 22846
100 1 22847
100 1 22850
100 1 22851
100 1 22852
100 1 22853
100 1 22854
100 1 22855
100 1 22856
100 1 22857
100 1 22858
100 1 22859
100 1 22860
100 1 22861
100 1 22862
100 1 22863
100 1 22864
100 1 22865
100 1 22866
100 1 22867
100 1 22868
100 1 22869
100 1 22870
100 1 22871
100 1 22873
100 1 22874
100 1 22875
100 1 22877
100 1 22878
100 1 22879
100 1 22880
100 1 22881
100 1 22882
100 1 22883
100 1 22884
100 1 22885
100 1 22886
100 1 22887
100 1 22888
100 1 22889
100 1 22890
100 1 22894
100 1 22895
100 1 22897
100 1 22898
100 1 22900
100 1 22902
100 1 22903
100 1 22905
100 1 22907
100 1 22912
100 1 22915
100 1 22916
100 1 22917
100 1 22918
100 1 22919
100 1 22920
100 1 22921
100 1 22922
100 1 22923
100 1 22924
100 1 22925
100 1 22927
100 1 22928
100 1 22930
100 1 22931
100 1 22933
100 1 22934
100 1 22936
100 1 22939
100 1 22940
100 1 22941
100 1 22943
100 1 22944
100 1 22945
100 1 22946
100 1 22947
100 1 22948
100 1 22949
100 1 22950
100 1 22951
100 1 22952
100 1 22953
100 1 22954
100 1 22955
100 1 22956
100 1 22957
100 1 22958
100 1 22959
100 1 22960
100 1 22961
100 1 22962
100 1 22963
100 1 22964
100 1 22965
100 1 22966
100 1 22967
100 1 22968
100 1 22969
100 1 22970
100 1 22971
100 1 22972
100 1 22973
100 1 22974
100 1 22975
100 1 22976
100 1 22977
100 1 22978
100 1 22979
100 1 22980
100 1 22981
100 1 22982
100 1 22983
100 1 22984
100 1 22985
100 1 22986
100 1 22987
100 1 22988
100 1 22990
100 1 22991
100 1 22994
100 1 22996
100 1 22997
100 1 22998
100 1 22999
100 1 23000
100 1 23001
100 1 23002
100 1 23003
100 1 23004
100 1 23005
100 1 23006
100 1 23007
100 1 23008
100 1 23009
100 1 23010
100 1 23011
100 1 23012
100 1 23013
100 1 23014
100 1 23015
100 1 23017
100 1 23018
100 1 23019
100 1 23020
100 1 23021
100 1 23022
100 1 23023
100 1 23024
100 1 23025
100 1 23026
100 1 23027
100 1 23031
100 1 23032
100 1 23033
100 1 23034
100 1 23035
100 1 23036
100 1 23038
100 1 23039
100 1 23040
100 1 23041
100 1 23042
100 1 23043
100 1 23044
100 1 23045
100 1 23046
100 1 23047
100 1 23048
100 1 23049
100 1 23050
100 1 23051
100 1 23052
100 1 23053
100 1 23054
100 1 23055
100 1 23056
100 1 23060
100 1 23062
100 1 23063
100 1 23065
100 1 23070
100 1 23071
100 1 23072
100 1 23073
100 1 23074
100 1 23076
100 1 23077
100 1 23078
100 1 23079
100 1 23080
100 1 23085
100 1 23087
100 1 23089
100 1 23090
100 1 23091
100 1 23092
100 1 23096
100 1 23097
100 1 23098
100 1 23099
100 1 23100
100 1 23101
100 1 23102
100 1 23103
100 1 23104
100 1 23110
100 1 23111
100 1 23113
100 1 23116
100 1 23117
100 1 23119
100 1 23120
100 1 23122
100 1 23125
100 1 23126
100 1 23127
100 1 23128
100 1 23129
100 1 23131
100 1 23136
100 1 23137
100 1 23138
100 1 23139
100 1 23140
100 1 23152
100 1 23153
100 1 23154
100 1 23155
100 1 23156
100 1 23157
100 1 23158
100 1 23159
100 1 23160
100 1 23161
100 1 23162
100 1 23163
100 1 23164
100 1 23166
100 1 23167
100 1 23168
100 1 23169
100 1 23171
100 1 23172
100 1 23173
100 1 23175
100 1 23176
100 1 23177
100 1 23178
100 1 23179
100 1 23180
100 1 23181
100 1 23182
100 1 23183
100 1 23185
100 1 23186
100 1 23187
100 1 23188
100 1 23189
100 1 23190
100 1 23191
100 1 23192
100 1 23194
100 1 23195
100 1 23200
100 1 23201
100 1 23202
100 1 23203
100 1 23204
100 1 23205
100 1 23206
100 1 23207
100 1 23208
100 1 23209
100 1 23210
100 1 23211
100 1 23212
100 1 23213
100 1 23214
100 1 23216
100 1 23217
100 1 23218
100 1 23219
100 1 23220
100 1 23221
100 1 23222
100 1 23223
100 1 23224
100 1 23225
100 1 23228
100 1 23235
100 1 23245
100 1 23249
100 1 23250
100 1 23251
100 1 23252
100 1 23253
100 1 23259
100 1 23261
100 1 23262
100 1 23263
100 1 23264
100 1 23265
100 1 23266
100 1 23267
100 1 23268
100 1 23269
100 1 23270
100 1 23271
100 1 23276
100 1 23277
100 1 23280
100 1 23283
100 1 23287
100 1 23303
100 1 23304
100 1 23305
100 1 23306
100 1 23307
100 1 23308
100 1 23311
100 1 23321
100 1 23322
100 1 23323
100 1 23325
100 1 23329
100 1 23332
100 1 23337
100 1 23352
100 1 23354
100 1 23355
100 1 23356
100 1 23357
100 1 23358
100 1 23362
100 1 23364
100 1 23373
100 1 23381
100 1 23382
100 1 23383
100 1 23386
100 1 23389
100 1 23396
100 1 23409
100 1 23411
100 1 23412
100 1 23416
100 1 23417
100 1 23419
100 1 23420
100 1 23421
100 1 23422
100 1 23423
100 1 23424
100 1 23431
100 1 23433
100 1 23434
100 1 23435
100 1 23436
100 1 23437
100 1 23438
100 1 23462
100 1 23471
100 1 23472
100 1 23473
100 1 23474
100 1 23475
100 1 23476
100 1 23477
100 1 23478
100 1 23479
100 1 23480
100 1 23481
100 1 23482
100 1 23483
100 1 23484
100 1 23485
100 1 23486
100 1 23487
100 1 23488
100 1 23489
100 1 23490
100 1 23491
100 1 23492
100 1 23493
100 1 23494
100 1 23495
100 1 23502
100 1 23503
100 1 23507
100 1 23510
100 1 23513
100 1 23515
100 1 23516
100 1 23517
100 1 23518
100 1 23519
100 1 23521
100 1 23522
100 1 23524
100 1 23525
100 1 23526
100 1 23528
100 1 23533
100 1 23534
100 1 23535
100 1 23536
100 1 23537
100 1 23538
100 1 23541
100 1 23542
100 1 23543
100 1 23544
100 1 23545
100 1 23546
100 1 23547
100 1 23551
100 1 23552
100 1 23554
100 1 23555
100 1 23560
100 1 23561
100 1 23562
100 1 23563
100 1 23568
100 1 23574
100 1 23575
100 1 23576
100 1 23577
100 1 23580
100 1 23585
100 1 23586
100 1 23590
100 1 23592
100 1 23593
100 1 23597
100 1 23598
100 1 23605
100 1 23606
100 1 23613
100 1 23625
100 1 23626
100 1 23627
100 1 23628
100 1 23629
100 1 23630
100 1 23631
100 1 23632
100 1 23633
100 1 23636
100 1 23638
100 1 23641
100 1 23642
100 1 23645
100 1 23646
100 1 23648
100 1 23649
100 1 23650
100 1 23651
100 1 23652
100 1 23653
100 1 23654
100 1 23655
100 1 23656
100 1 23657
100 1 23658
100 1 23659
100 1 23660
100 1 23661
100 1 23662
100 1 23663
100 1 23664
100 1 23665
100 1 23666
100 1 23667
100 1 23668
100 1 23669
100 1 23670
100 1 23671
100 1 23672
100 1 23673
100 1 23674
100 1 23675
100 1 23676
100 1 23677
100 1 23678
100 1 23679
100 1 23680
100 1 23681
100 1 23682
100 1 23683
100 1 23684
100 1 23685
100 1 23686
100 1 23687
100 1 23688
100 1 23689
100 1 23690
100 1 23691
100 1 23692
100 1 23693
100 1 23694
100 1 23695
100 1 23696
100 1 23697
100 1 23703
100 1 23710
100 1 23713
100 1 23714
100 1 23715
100 1 23717
100 1 23724
100 1 23756
100 1 23757
100 1 23758
100 1 23759
100 1 23760
100 1 23761
100 1 23762
100 1 23763
100 1 23764
100 1 23766
100 1 23767
100 1 23768
100 1 23769
100 1 23770
100 1 23771
100 1 23772
100 1 23775
100 1 23776
100 1 23777
100 1 23778
100 1 23779
100 1 23780
100 1 23781
100 1 23783
100 1 23785
100 1 23786
100 1 23788
100 1 23793
100 1 23795
100 1 23797
100 1 23798
100 1 23799
100 1 23801
100 1 23802
100 1 23803
100 1 23804
100 1 23805
100 1 23806
100 1 23807
100 1 23808
100 1 23809
100 1 23810
100 1 23811
100 1 23812
100 1 23813
100 1 23814
100 1 23815
100 1 23816
100 1 23817
100 1 23818
100 1 23819
100 1 23820
100 1 23821
